# Transit circle observations — USNO 6-inch, Washington D.C.
# Sun observations:  745
# Moon observations: 515
# Total:             1260
# JD range: 2438096.65932 – 2441316.69016
#
# Columns:
#  1  JD_UTC          Julian date (UTC)
#  2  body            S=Sun  M=Moon
#  3  RA   (deg)      right ascension (apparent, of date)
#  4  Dec  (deg)      declination (apparent, of date)
#  5  dist (AU)       geocentric distance (0 = not available)
     2438096.65932  M    145.430862    +15.995714   0.0000000E+00
     2438097.22167  S    348.427967     -4.970889   9.9266500E-01
     2438097.69177  M    158.129217    +12.448953   0.0000000E+00
     2438103.86937  M    228.153600    -12.988628   0.0000000E+00
     2438104.22038  S    354.861758     -2.223522   9.9455200E-01
     2438104.90044  M    240.354667    -16.333136   0.0000000E+00
     2438107.21979  S    357.603225     -1.038961   9.9539700E-01
     2438114.21834  S      3.980558     +1.723922   9.9739800E-01
     2438116.21792  S      5.800300     +2.508983   9.9796500E-01
     2438118.21750  S      7.619896     +3.290744   9.9852900E-01
     2438124.21625  S     13.083933     +5.606547   1.0002200E+00
     2438124.60723  M    154.224171    +13.744819   0.0000000E+00
     2438126.21585  S     14.909254     +6.366361   1.0007870E+00
     2438127.69708  M    189.616004     +1.036736   0.0000000E+00
     2438128.21546  S     16.737537     +7.118872   1.0013580E+00
     2438129.75477  M    212.410579     +7.828331   0.0000000E+00
     2438130.21507  S     18.570479     +7.862806   1.0019310E+00
     2438130.78436  M    224.076850    -11.880086   0.0000000E+00
     2438131.21488  S     19.487808     +8.231528   1.0022190E+00
     2438131.81498  M    236.116204    -15.457653   0.0000000E+00
     2438132.21470  S     20.407204     +8.598297   1.0025070E+00
     2438132.84693  M    248.635121    -18.389819   0.0000000E+00
     2438134.91520  M    275.253421    -21.636633   0.0000000E+00
     2438136.21400  S     24.097442    +10.040142   1.0036570E+00
     2438140.21337  S     27.813483    +11.437992   1.0047910E+00
     2438185.64524  M    228.070508    -13.160875   0.0000000E+00
     2438186.21290  S     72.984162    +22.521375   1.0146780E+00
     2438187.21303  S     74.013917    +22.629186   1.0148100E+00
     2438187.70928  M    253.157242    -19.423803   0.0000000E+00
     2438188.21315  S     75.044546    +22.730764   1.0149390E+00
     2438216.21713  S    104.079283    +22.811867   1.0167130E+00
     2438216.69162  M    275.366708    -21.942681   0.0000000E+00
     2438218.76543  M    303.983321    -20.821617   0.0000000E+00
     2438220.21758  S    108.183688    +22.390256   1.0166690E+00
     2438222.21778  S    110.226133    +22.140483   1.0166250E+00
     2438223.21787  S    111.244987    +22.006286   1.0165980E+00
     2438234.21850  S    122.316454    +20.126192   1.0159480E+00
     2438243.60186  M    269.576613    -21.570178   0.0000000E+00
     2438244.21838  S    132.129404    +17.827528   1.0147920E+00
     2438244.63822  M    283.690692    -22.132272   0.0000000E+00
     2438246.21827  S    134.061242    +17.307322   1.0145150E+00
     2438246.71321  M    312.729188    -19.478844   0.0000000E+00
     2438247.21821  S    135.023271    +17.039778   1.0143730E+00
     2438247.75044  M    327.154871    -16.302856   0.0000000E+00
     2438248.21813  S    135.982725    +16.768128   1.0142270E+00
     2438249.82251  M    355.143537     +7.150836   0.0000000E+00
     2438250.85759  M      8.793454     -1.747197   0.0000000E+00
     2438252.92817  M     36.243513     +9.099083   0.0000000E+00
     2438258.21705  S    145.447842    +13.816586   1.0125920E+00
     2438260.21676  S    147.314754    +13.179156   1.0122140E+00
     2438264.21611  S    151.022992    +11.864436   1.0113990E+00
     2438267.21557  S    153.783267    +10.843997   1.0107420E+00
     2438268.21538  S    154.699813    +10.498844   1.0105150E+00
     2438272.58359  M    291.565850    -21.998361   0.0000000E+00
     2438274.65866  M    320.635913    -17.905756   0.0000000E+00
     2438279.84126  M     31.479237     +7.482856   0.0000000E+00
     2438280.87834  M     45.852558    +12.608247   0.0000000E+00
     2438306.74972  M     25.049688     +5.096744   0.0000000E+00
     2438307.20632  S    189.872350     -4.252692   1.0001690E+00
     2438307.78770  M     39.743621    +10.703033   0.0000000E+00
     2438308.82681  M     54.847842    +15.575936   0.0000000E+00
     2438309.86702  M     70.348583    +19.333250   0.0000000E+00
     2438311.94852  M    101.742517    +22.551522   0.0000000E+00
     2438312.20531  S    194.433850     -6.169442   9.9875700E-01
     2438313.20512  S    195.352021     -6.549233   9.9847700E-01
     2438318.20427  S    199.972675     -8.425103   9.9707200E-01
     2438319.20412  S    200.903121     -8.794811   9.9679000E-01
     2438321.20383  S    202.772038     -9.527917   9.9622600E-01
     2438324.20346  S    205.594571    -10.610397   9.9537900E-01
     2438327.20315  S    208.441162    -11.668967   9.9453600E-01
     2438327.43929  M    293.686596    -22.344803   0.0000000E+00
     2438328.20307  S    209.395646    -12.016094   9.9425700E-01
     2438329.51085  M    321.491258    -18.094983   0.0000000E+00
     2438330.54659  M    335.375721    -14.273814   0.0000000E+00
     2438331.58226  M    349.238533     +9.497919   0.0000000E+00
     2438333.20276  S    214.213063    -13.702750   9.9289500E-01
     2438333.65468  M     17.353313     +1.920178   0.0000000E+00
     2438337.81494  M     79.146692    +21.052381   0.0000000E+00
     2438352.20374  S    233.292346    -19.169314   9.8842500E-01
     2438353.20389  S    234.331971    -19.406953   9.8821400E-01
     2438354.20404  S    235.374879    -19.637828   9.8800500E-01
     2438358.49222  M    343.346767    -11.855950   0.0000000E+00
     2438359.52654  M    356.722621     -6.808583   0.0000000E+00
     2438361.59717  M     24.190471     +4.637222   0.0000000E+00
     2438368.20717  S    250.303288    -22.208389   9.8551200E-01
     2438369.92260  M    149.552550    +16.306761   0.0000000E+00
     2438370.95634  M    162.714342    +12.144078   0.0000000E+00
     2438371.20804  S    253.572450    -22.583667   9.8511200E-01
     2438371.98774  M    175.036433     +7.544375   0.0000000E+00
     2438386.21298  S    270.142254    -23.443436   9.8365800E-01
     2438386.43984  M    352.038850     -8.775086   0.0000000E+00
     2438390.57940  M     46.360771    +12.989131   0.0000000E+00
     2438391.61904  M     61.025000    +17.554078   0.0000000E+00
     2438392.66111  M     77.827258    +20.929092   0.0000000E+00
     2438399.21735  S    284.534175    -22.770453   9.8327400E-01
     2438399.93102  M    182.159221     +4.729033   0.0000000E+00
     2438400.96080  M    193.893513     -0.205261   0.0000000E+00
     2438402.21828  S    287.826712    -22.431578   9.8333000E-01
     2438413.22122  S    299.728796    -20.634364   9.8387500E-01
     2438416.45549  M     27.257721     +5.833803   0.0000000E+00
     2438417.49068  M     40.945413    +11.128625   0.0000000E+00
     2438420.60891  M     86.581862    +22.106883   0.0000000E+00
     2438421.65165  M    102.995892    +22.981597   0.0000000E+00
     2438424.22316  S    311.269237    -18.052339   9.8494800E-01
     2438425.22328  S    312.298437    -17.783086   9.8508000E-01
     2438425.80848  M    163.550954    +11.859256   0.0000000E+00
     2438428.90250  M    200.447746     -3.072792   0.0000000E+00
     2438429.93198  M    212.075692     -7.832175   0.0000000E+00
     2438430.22374  S    317.393000    -16.360072   9.8582100E-01
     2438430.96164  M    223.767008    -12.198253   0.0000000E+00
     2438431.22380  S    318.401854    -16.060822   9.8598400E-01
     2438446.22370  S    333.148588    -11.082239   9.8881100E-01
     2438446.47967  M     65.554921    +18.701697   0.0000000E+00
     2438447.51955  M     80.935946    +21.559686   0.0000000E+00
     2438448.22354  S    335.063288    -10.360703   9.8923700E-01
     2438448.56070  M     96.777158    +22.966108   0.0000000E+00
     2438449.60209  M    112.705617    +22.786911   0.0000000E+00
     2438450.64253  M    128.287621    +21.066822   0.0000000E+00
     2438451.68105  M    143.179729    +18.017822   0.0000000E+00
     2438455.81390  M    195.076458     -0.970211   0.0000000E+00
     2438456.84391  M    206.897875     -5.946989   0.0000000E+00
     2438457.22249  S    343.553396     -6.999089   9.9135400E-01
     2438460.96766  M    255.511112    -20.840797   0.0000000E+00
     2438465.22118  S    350.966146     -3.895325   9.9346000E-01
     2438466.22099  S    351.886158     -3.502475   9.9373000E-01
     2438468.22062  S    353.721763     -2.714997   9.9427300E-01
     2438471.22004  S    356.468129     -1.530475   9.9508900E-01
     2438478.21860  S      2.847933     +1.234367   9.9700900E-01
     2438479.21838  S      3.757571     +1.628078   9.9728800E-01
     2438479.62940  M    152.130796    +15.652150   0.0000000E+00
     2438481.21796  S      5.575529     +2.412631   9.9785200E-01
     2438481.69552  M    177.969542     +6.228658   0.0000000E+00
     2438482.21775  S      6.484687     +2.804311   9.9813600E-01
     2438483.75649  M    201.950263     -4.020761   0.0000000E+00
     2438485.81667  M    225.644717    -13.285506   0.0000000E+00
     2438487.87958  M    250.326450    -20.127153   0.0000000E+00
     2438489.94670  M    276.527238    -23.337967   0.0000000E+00
     2438491.21588  S     14.681633     +6.272097   1.0007580E+00
     2438502.21387  S     24.798233    +10.308161   1.0038930E+00
     2438509.21284  S     31.326250    +12.705522   1.0057680E+00
     2438510.67115  M    197.758113     -2.203803   0.0000000E+00
     2438512.21248  S     34.151604    +13.682264   1.0065590E+00
     2438512.73064  M    221.204583    -11.792997   0.0000000E+00
     2438520.21177  S     41.780654    +16.115619   1.0086230E+00
     2438521.21171  S     42.744983    +16.400742   1.0088720E+00
     2438522.21166  S     43.711654    +16.681478   1.0091200E+00
     2438523.21161  S     44.680425    +16.957522   1.0093640E+00
     2438527.21149  S     48.580583    +18.013597   1.0102990E+00
     2438532.21150  S     53.510512    +19.220342   1.0113690E+00
     2438535.21157  S     56.495129    +19.879597   1.0119620E+00
     2438535.52665  M    170.236921     +9.663683   0.0000000E+00
     2438537.21166  S     58.496138    +20.291097   1.0123400E+00
     2438537.58745  M    194.154567     -0.508747   0.0000000E+00
     2438538.61676  M    205.722392     -5.539381   0.0000000E+00
     2438539.64621  M    217.337437    -10.287775   0.0000000E+00
     2438541.21189  S     62.523562    +21.043225   1.0130660E+00
     2438541.70740  M    241.399421    -18.237575   0.0000000E+00
     2438542.21197  S     63.535812    +21.216567   1.0132400E+00
     2438542.73970  M    254.042308    -21.089900   0.0000000E+00
     2438543.77312  M    267.091758    -22.978339   0.0000000E+00
     2438545.84194  M    293.907375    -23.427797   0.0000000E+00
     2438546.21231  S     67.603600    +21.847175   1.0139120E+00
     2438552.21298  S     73.758454    +22.603650   1.0148190E+00
     2438558.21379  S     79.963283    +23.122647   1.0155490E+00
     2438562.21437  S     84.116275    +23.333414   1.0159180E+00
     2438564.21467  S     86.196158    +23.397858   1.0160720E+00
     2438566.56224  M    213.637858     -8.761225   0.0000000E+00
     2438567.21512  S     89.316454    +23.442256   1.0162710E+00
     2438568.62260  M    237.397312    -17.101100   0.0000000E+00
     2438569.65441  M    249.866196    -20.239906   0.0000000E+00
     2438572.21586  S     94.512279    +23.378650   1.0165260E+00
     2438573.21601  S     95.550025    +23.345150   1.0165660E+00
     2438573.79092  M    303.089717    -22.537958   0.0000000E+00
     2438574.21615  S     96.587621    +23.305350   1.0166030E+00
     2438574.82507  M    316.402646    -20.266600   0.0000000E+00
     2438575.85840  M    329.420146    -16.978147   0.0000000E+00
     2438576.89092  M    342.143337    -12.822978   0.0000000E+00
     2438577.21657  S     99.694696    +23.144253   1.0166920E+00
     2438586.21765  S    108.956846    +22.299747   1.0166970E+00
     2438588.21784  S    110.998479    +22.040764   1.0166320E+00
     2438592.21817  S    115.056900    +21.446739   1.0164320E+00
     2438593.21823  S    116.065779    +21.283036   1.0163700E+00
     2438594.21829  S    117.072875    +21.113019   1.0163020E+00
     2438596.56872  M    245.546721    -19.288428   0.0000000E+00
     2438597.60136  M    258.314358    -21.838392   0.0000000E+00
     2438603.80634  M    338.226196    -14.122128   0.0000000E+00
     2438606.21848  S    128.970792    +18.631139   1.0151980E+00
     2438613.21815  S    135.747592    +16.836117   1.0143060E+00
     2438614.21807  S    136.706475    +16.560647   1.0141590E+00
     2438622.21722  S    144.285796    +14.205386   1.0127870E+00
     2438623.21709  S    145.222342    +13.893258   1.0125960E+00
     2438624.21695  S    146.156925    +13.577514   1.0124000E+00
     2438625.54765  M    266.524679    -23.048272   0.0000000E+00
     2438626.58203  M    279.923379    -23.872856   0.0000000E+00
     2438627.21648  S    148.947208    +12.608681   1.0117960E+00
     2438627.61697  M    293.521108    -23.519958   0.0000000E+00
     2438628.21632  S    149.873117    +12.278997   1.0115900E+00
     2438629.68641  M    320.560313    -19.273611   0.0000000E+00
     2438630.72014  M    333.718687    -15.557514   0.0000000E+00
     2438632.21560  S    153.557471    +10.929286   1.0107420E+00
     2438633.81773  M     11.905329     -0.285458   0.0000000E+00
     2438635.21502  S    156.302650     +9.886408   1.0100850E+00
     2438640.21396  S    160.848921     +8.096819   1.0089460E+00
     2438642.21351  S    162.659133     +7.364706   1.0084670E+00
     2438643.21329  S    163.562579     +6.995467   1.0082220E+00
     2438644.21306  S    164.465496     +6.624547   1.0079740E+00
     2438646.21259  S    166.267963     +5.877867   1.0074050E+00
     2438654.52791  M    287.984783    -24.005028   0.0000000E+00
     2438655.21040  S    174.348267     +2.445214   1.0050330E+00
     2438655.56276  M    301.549325    -22.915583   0.0000000E+00
     2438656.21015  S    175.244750     +2.058517   1.0047540E+00
     2438656.59736  M    315.026971    -20.650311   0.0000000E+00
     2438660.73064  M      7.079608     -2.333994   0.0000000E+00
     2438663.83403  M     47.359892    +14.480406   0.0000000E+00
     2438665.20796  S    183.323254     -1.440053   1.0022400E+00
     2438677.20536  S    194.214525     -6.078139   9.9883300E-01
     2438678.20517  S    195.132254     -6.458708   9.9854100E-01
     2438681.20464  S    197.896004     -7.590458   9.9766500E-01
     2438681.43877  M    282.418342    -24.365617   0.0000000E+00
     2438682.20447  S    198.821883     -7.964378   9.9737300E-01
     2438682.47333  M    295.880213    -23.768969   0.0000000E+00
     2438683.20431  S    199.750012     -8.337011   9.9708300E-01
     2438683.50768  M    309.264596    -21.998375   0.0000000E+00
     2438687.64044  M      1.130467     -5.034161   0.0000000E+00
     2438689.70802  M     27.499150     +6.779253   0.0000000E+00
     2438690.20337  S    206.309646    -10.880022   9.9509200E-01
     2438691.20327  S    207.257317    -11.233536   9.9481900E-01
     2438691.78229  M     56.281579    +17.508678   0.0000000E+00
     2438692.82279  M     71.885808    +21.405331   0.0000000E+00
     2438693.20308  S    209.161671    -11.931572   9.9427900E-01
     2438693.86503  M     88.120979    +23.796011   0.0000000E+00
     2438695.20293  S    211.077812    -12.617978   9.9375000E-01
     2438695.94984  M    120.706467    +23.370014   0.0000000E+00
     2438696.98978  M    136.109962    +20.741797   0.0000000E+00
     2438699.20273  S    214.948896    -13.950508   9.9271600E-01
     2438700.20270  S    215.924788    -14.275172   9.9246100E-01
     2438702.20268  S    217.887104    -14.911981   9.9195600E-01
     2438705.20271  S    220.855842    -15.837500   9.9120600E-01
     2438707.20278  S    222.852225    -16.432517   9.9071200E-01
     2438709.20289  S    224.862517    -17.009022   9.9022600E-01
     2438710.20296  S    225.872992    -17.290447   9.8998600E-01
     2438710.41917  M    303.926325    -23.056356   0.0000000E+00
     2438711.45271  M    317.020217    -20.649917   0.0000000E+00
     2438712.20312  S    227.904262    -17.837286   9.8951500E-01
     2438713.51770  M    342.450296    -12.917567   0.0000000E+00
     2438714.54965  M    354.969392     -7.868236   0.0000000E+00
     2438715.58192  M      0.125000     -2.263697   0.0000000E+00
     2438717.20371  S    233.042646    -19.112542   9.8839700E-01
     2438717.65023  M     34.235613     +9.588783   0.0000000E+00
     2438721.20435  S    237.215829    -20.030806   9.8758700E-01
     2438721.81554  M     97.853363    +24.529719   0.0000000E+00
     2438722.85974  M    114.793429    +24.116458   0.0000000E+00
     2438723.20472  S    239.322646    -20.453261   9.8721200E-01
     2438723.90194  M    131.013433    +21.945603   0.0000000E+00
     2438724.20492  S    240.381129    -20.655444   9.8703100E-01
     2438742.49242  M     16.910042     -4.911497   0.0000000E+00
     2438744.21052  S    262.114704    -23.245997   9.8419600E-01
     2438744.55694  M     42.172154     +6.528228   0.0000000E+00
     2438745.21085  S    263.220787    -23.297758   9.8409700E-01
     2438745.59216  M     40.870058    +12.204119   0.0000000E+00
     2438746.63039  M     55.658725    +17.342114   0.0000000E+00
     2438749.21221  S    267.654450    -23.426244   9.8376400E-01
     2438752.88872  M    154.823025    +15.716839   0.0000000E+00
     2438772.50098  M     34.569437     +9.757631   0.0000000E+00
     2438773.53626  M     48.290146    +14.996767   0.0000000E+00
     2438775.22046  S    296.258333    -21.251342   9.8362400E-01
     2438775.61670  M     79.299612    +22.843119   0.0000000E+00
     2438780.22161  S    301.600762    -20.271372   9.8398500E-01
     2438781.86792  M    175.899871     +7.424675   0.0000000E+00
     2438782.22201  S    303.716458    -19.834733   9.8417400E-01
     2438782.90100  M    188.825596     +1.636844   0.0000000E+00
     2438783.22219  S    304.769738    -19.606864   9.8427700E-01
     2438788.22300  S    309.987633    -18.379444   9.8486500E-01
     2438789.22313  S    311.021583    -18.116475   9.8499400E-01
     2438796.22380  S    318.162971    -16.132889   9.8600000E-01
     2438798.22391  S    320.172908    -15.522453   9.8631500E-01
     2438805.65334  M    122.097417    +23.390428   0.0000000E+00
     2438807.22392  S    329.049800    -12.572500   9.8793200E-01
     2438807.73675  M    154.175375    +15.771739   0.0000000E+00
     2438808.22388  S    330.020221    -12.226172   9.8813600E-01
     2438809.22383  S    330.987929    -11.877225   9.8834500E-01
     2438810.22377  S    331.952550    -11.524911   9.8855800E-01
     2438811.87464  M    207.893529     -7.238089   0.0000000E+00
     2438812.22363  S    333.873500    -10.810706   9.8899900E-01
     2438814.97096  M    245.621871    -20.427708   0.0000000E+00
     2438815.22337  S    336.735025     -9.719625   9.8968800E-01
     2438819.22292  S    340.516592     -8.230114   9.9064600E-01
     2438830.47553  M     82.551400    +23.711811   0.0000000E+00
     2438831.22104  S    351.665446     -3.596628   9.9367200E-01
     2438831.51756  M     98.707271    +24.912342   0.0000000E+00
     2438832.22086  S    352.583571     -3.203953   9.9393400E-01
     2438832.56041  M    115.163621    +24.342169   0.0000000E+00
     2438833.22067  S    353.500904     -2.809808   9.9420000E-01
     2438833.60262  M    146.385192    +22.008119   0.0000000E+00
     2438834.64300  M    146.945479    +18.136642   0.0000000E+00
     2438835.68101  M    161.654137    +13.107553   0.0000000E+00
     2438839.21947  S    358.981992     -0.440828   9.9584400E-01
     2438843.21863  S      2.623192     +1.137086   9.9698900E-01
     2438847.21779  S      6.261200     +2.707639   9.9815200E-01
     2438852.21674  S     10.811958     +4.650714   9.9960200E-01
     2438856.21593  S     14.460233     +6.180853   1.0007390E+00
     2438861.21496  S     19.038363     +8.052169   1.0021360E+00
     2438861.55439  M    141.570717    +19.844994   0.0000000E+00
     2438863.62757  M    169.960575     +9.867367   0.0000000E+00
     2438864.66133  M    183.133508     +3.983497   0.0000000E+00
     2438865.21424  S     22.719462     +9.508550   1.0032480E+00
     2438865.69401  M    195.914813     -2.015028   0.0000000E+00
     2438867.21390  S     24.568500    +10.221150   1.0038050E+00
     2438868.21373  S     25.495496    +10.573642   1.0040850E+00
     2438868.79171  M    234.139800    -17.680342   0.0000000E+00
     2438871.21327  S     28.285250    +11.612558   1.0049210E+00
     2438871.89517  M    274.445717    -25.109600   0.0000000E+00
     2438884.21185  S     40.584600    +15.755258   1.0083590E+00
     2438885.21178  S     41.545687    +16.046358   1.0086000E+00
     2438892.21149  S     48.340221    +17.951911   1.0102020E+00
     2438893.63937  M    203.789400     -5.619539   0.0000000E+00
     2438894.21146  S     50.302158    +18.452297   1.0106380E+00
     2438894.67108  M    216.219225    -11.087528   0.0000000E+00
     2438895.21146  S     51.286667    +18.695014   1.0108530E+00
     2438895.70342  M    228.880462    -15.955550   0.0000000E+00
     2438896.21146  S     52.273954    +18.932311   1.0110660E+00
     2438896.73673  M    241.890279    -19.993028   0.0000000E+00
     2438898.80611  M    268.906821    -24.826353   0.0000000E+00
     2438899.21151  S     55.248675    +19.611703   1.0116940E+00
     2438899.84138  M    282.624875    -25.392547   0.0000000E+00
     2438900.21154  S     56.245071    +19.826853   1.0118980E+00
     2438906.21186  S     62.271650    +20.999781   1.0130630E+00
     2438908.21201  S     64.298117    +21.343236   1.0134190E+00
     2438912.21238  S     68.373967    +21.956264   1.0140720E+00
     2438914.21259  S     70.423462    +22.224311   1.0143650E+00
     2438916.21282  S     72.477946    +22.467314   1.0146360E+00
     2438917.21295  S     73.507667    +22.578814   1.0147640E+00
     2438919.21320  S     75.569821    +22.781603   1.0150080E+00
     2438919.52364  M    187.636996     +2.026036   0.0000000E+00
     2438923.21374  S     79.707754    +23.107033   1.0154500E+00
     2438924.68389  M    250.413271    -22.039847   0.0000000E+00
     2438925.71851  M    263.899700    -24.299586   0.0000000E+00
     2438926.75370  M    277.586992    -25.331400   0.0000000E+00
     2438932.21506  S     89.056908    +23.441272   1.0162450E+00
     2438935.21551  S     92.176900    +23.429525   1.0164390E+00
     2438937.21581  S     94.255754    +23.386525   1.0165440E+00
     2438950.21752  S    107.684225    +22.449094   1.0166490E+00
     2438950.56545  M    233.284975    -17.476578   0.0000000E+00
     2438951.21762  S    108.707300    +22.330308   1.0166220E+00
     2438954.70243  M    286.677546    -25.293772   0.0000000E+00
     2438955.73701  M    305.000000    -24.220469   0.0000000E+00
     2438957.80267  M    325.817529    -18.777431   0.0000000E+00
     2438958.21820  S    115.816458    +21.324539   1.0163290E+00
     2438961.21836  S    118.831788    +20.801647   1.0161490E+00
     2438963.21844  S    120.831042    +20.424267   1.0160090E+00
     2438968.21852  S    125.789479    +19.380642   1.0155740E+00
     2438969.21852  S    126.773138    +19.155483   1.0154690E+00
     2438977.21823  S    134.556042    +17.171950   1.0144330E+00
     2438978.51310  M    241.987242    -20.211861   0.0000000E+00
     2438979.21809  S    136.475562    +16.628067   1.0141270E+00
     2438982.65127  M    295.807887    -24.733531   0.0000000E+00
     2438983.21772  S    140.284921    +15.487808   1.0134760E+00
     2438983.68515  M    309.022354    -22.832033   0.0000000E+00
     2438984.71778  M    321.788313    -19.872092   0.0000000E+00
     2438985.21750  S    142.174438    +14.892686   1.0131330E+00
     2438985.74906  M    334.064225    -16.022847   0.0000000E+00
     2438989.21697  S    145.927246    +13.655761   1.0124150E+00
     2438990.21682  S    146.859962    +13.337050   1.0122290E+00
     2438991.21667  S    147.790633    +13.015186   1.0120410E+00
     2439005.21402  S    160.632446     +8.183628   1.0089850E+00
     2439006.21380  S    161.537954     +7.819067   1.0087370E+00
     2439010.59913  M    304.583758    -23.729556   0.0000000E+00
     2439013.69455  M    341.985067    -13.039158   0.0000000E+00
     2439014.21192  S    168.746675     +4.836936   1.0066830E+00
     2439014.72423  M    353.686029     -8.040206   0.0000000E+00
     2439019.87936  M     54.611929    +18.491075   0.0000000E+00
     2439020.21045  S    174.128017     +2.539978   1.0051010E+00
     2439022.20995  S    175.921121     +1.766889   1.0045660E+00
     2439036.47697  M    286.112487    -25.788661   0.0000000E+00
     2439037.51174  M    299.647208    -24.664558   0.0000000E+00
     2439039.20601  S    191.252208     -4.837417   9.9972800E-01
     2439039.57753  M    325.367946    -19.059483   0.0000000E+00
     2439040.60847  M    337.525592    -14.890028   0.0000000E+00
     2439042.20541  S    193.991846     -5.986100   9.9885400E-01
     2439048.86923  M     79.539900    +24.447250   0.0000000E+00
     2439052.20376  S    203.252683     -9.715258   9.9604400E-01
     2439053.20363  S    204.192304    -10.077217   9.9577100E-01
     2439054.20351  S    205.134042    -10.436500   9.9549800E-01
     2439060.20295  S    210.846496    -12.536497   9.9386400E-01
     2439062.20283  S    212.774242    -13.211564   9.9332200E-01
     2439063.20278  S    213.743183    -13.544172   9.9305300E-01
     2439064.20274  S    214.714871    -13.872703   9.9278500E-01
     2439066.20269  S    216.668204    -14.519453   9.9225400E-01
     2439066.48984  M    320.326742    -20.686781   0.0000000E+00
     2439067.20268  S    217.649642    -14.837122   9.9199200E-01
     2439067.52112  M    332.604888    -16.846919   0.0000000E+00
     2439068.55123  M    344.460571    -12.264997   0.0000000E+00
     2439069.58067  M    356.073392     +7.107781   0.0000000E+00
     2439070.20270  S    220.614221    -15.764656   9.9122500E-01
     2439070.61006  M      7.668642     +1.546964   0.0000000E+00
     2439071.64011  M     19.498871     +4.220597   0.0000000E+00
     2439072.20276  S    222.607538    -16.361533   9.9072900E-01
     2439074.74139  M     59.018492    +20.058392   0.0000000E+00
     2439079.20329  S    229.696117    -18.300433   9.8912600E-01
     2439079.94805  M    138.550546    +21.206256   0.0000000E+00
     2439080.20340  S    230.723125    -18.556372   9.8891400E-01
     2439088.20467  S    239.066413    -20.404647   9.8731800E-01
     2439091.20530  S    242.250079    -20.996408   9.8676000E-01
     2439093.20576  S    244.388179    -21.358406   9.8640500E-01
     2439094.43345  M    327.568529    -18.597367   0.0000000E+00
     2439095.20625  S    246.537475    -21.693431   9.8606300E-01
     2439100.61361  M     38.518842    +12.806325   0.0000000E+00
     2439103.20850  S    255.234563    -22.750769   9.8488100E-01
     2439104.20881  S    256.331400    -22.849964   9.8475900E-01
     2439115.21246  S    268.492358    -23.437253   9.8377500E-01
     2439117.21316  S    270.714500    -23.443158   9.8365200E-01
     2439123.21523  S    277.375875    -23.271569   9.8337700E-01
     2439124.21557  S    278.483908    -23.215542   9.8334700E-01
     2439124.43496  M    357.682838     +6.283842   0.0000000E+00
     2439125.46328  M      8.892475     -0.868622   0.0000000E+00
     2439132.71960  M    108.322471    +25.882672   0.0000000E+00
     2439134.21874  S    289.487062    -22.235933   9.8334200E-01
     2439134.80757  M    142.049412    +20.137625   0.0000000E+00
     2439135.21903  S    290.577125    -22.096697   9.8337700E-01
     2439136.21932  S    291.665254    -21.950808   9.8341800E-01
     2439137.21959  S    292.750263    -21.797808   9.8346500E-01
     2439137.91866  M    185.106254     +2.630492   0.0000000E+00
     2439140.22038  S    295.992433    -21.295867   9.8363800E-01
     2439141.01680  M    213.720833    -14.957119   0.0000000E+00
     2439143.22111  S    299.210529    -20.732617   9.8385500E-01
     2439144.22133  S    300.277658    -20.531372   9.8393600E-01
     2439145.22155  S    301.341492    -20.324211   9.8402000E-01
     2439163.22388  S    319.926658    -15.598622   9.8622500E-01
     2439171.22395  S    327.836783    -12.999675   9.8772000E-01
     2439174.22384  S    330.752067    -11.963539   9.8834100E-01
     2439178.22358  S    334.599475    -10.538003   9.8920200E-01
     2439183.22308  S    339.348275     -8.695922   9.9032500E-01
     2439186.52460  M     91.155258    +26.130328   0.0000000E+00
     2439188.61111  M    124.355704    +24.270111   0.0000000E+00
     2439191.73288  M    171.269525     +8.890764   0.0000000E+00
     2439192.76942  M    185.443100     +2.069494   0.0000000E+00
     2439193.22161  S    348.675142     -4.867167   9.9278000E-01
     2439193.80477  M    199.190442     +4.732708   0.0000000E+00
     2439202.21992  S    356.935667     -1.328078   9.9525200E-01
     2439206.21910  S      0.583279     +0.252942   9.9637900E-01
     2439208.21869  S      2.404796     +1.042539   9.9694100E-01
     2439214.21743  S      7.862775     +3.395478   9.9862100E-01
     2439216.56031  M    133.614333    +22.555528   0.0000000E+00
     2439218.63869  M    163.881150    +12.256642   0.0000000E+00
     2439274.53348  M    181.096367     +4.292075   0.0000000E+00
     2439277.63483  M    220.639646    -14.563394   0.0000000E+00
     2439279.70793  M    248.997979    -23.460069   0.0000000E+00
     2439281.78493  M    278.767875    -26.759081   0.0000000E+00
     2439282.82261  M    293.352863    -26.096117   0.0000000E+00
     2439283.21304  S     74.289071    +22.659028   1.0148070E+00
     2439286.21343  S     77.386962    +22.938419   1.0151920E+00
     2439289.21385  S     80.494954    +23.157106   1.0155400E+00
     2439292.21429  S     83.610404    +23.314906   1.0158450E+00
     2439297.21504  S     88.812042    +23.440711   1.0162400E+00
     2439298.21520  S     89.852638    +23.445403   1.0163010E+00
     2439299.21535  S     90.893133    +23.442714   1.0163550E+00
     2439304.54865  M    216.142296    -12.772953   0.0000000E+00
     2439306.61924  M    243.597883    -22.225714   0.0000000E+00
     2439308.21665  S    100.232254    +23.111369   1.0166330E+00
     2439309.73277  M    287.535758    -26.489839   0.0000000E+00
     2439310.76936  M    301.728338    -24.958178   0.0000000E+00
     2439318.21780  S    110.504446    +22.106797   1.0165810E+00
     2439323.21820  S    115.577983    +21.364350   1.0163820E+00
     2439354.21702  S    145.708496    +13.730417   1.0125100E+00
     2439355.21688  S    146.642212    +13.412356   1.0123190E+00
     2439356.21673  S    147.574142    +13.091111   1.0121230E+00
     2439362.21571  S    153.120325    +11.093194   1.0108540E+00
     2439363.55909  M    278.066117    -26.947033   0.0000000E+00
     2439364.59599  M    292.369829    -26.267500   0.0000000E+00
     2439365.21513  S    155.868183    +10.053939   1.0101780E+00
     2439365.63135  M    306.120058    -24.243178   0.0000000E+00
     2439366.21493  S    156.781129     +9.702419   1.0099490E+00
     2439366.66472  M    319.151504    -21.077689   0.0000000E+00
     2439367.69603  M    331.441850    -17.006997   0.0000000E+00
     2439368.21451  S    158.601225     +8.991228   1.0094840E+00
     2439369.21430  S    159.509437     +8.632314   1.0092490E+00
     2439370.21408  S    160.416554     +8.270478   1.0090130E+00
     2439370.78125  M      5.158462     -1.615628   0.0000000E+00
     2439378.21223  S    167.634650     +5.305792   1.0070630E+00
     2439385.21053  S    173.918521     +2.630578   1.0052230E+00
     2439391.50970  M    287.834100    -26.846083   0.0000000E+00
     2439392.54579  M    301.847167    -25.196536   0.0000000E+00
     2439398.72511  M     12.493083     +2.196350   0.0000000E+00
     2439401.81270  M     47.068175    +17.904569   0.0000000E+00
     2439402.20649  S    189.215825     -3.972683   1.0003970E+00
     2439402.84578  M     59.996037    +22.035564   0.0000000E+00
     2439403.20627  S    190.123521     -4.359225   1.0001150E+00
     2439404.20606  S    191.033425     -4.744453   9.9983300E-01
     2439406.20565  S    192.857117     -5.511981   9.9927300E-01
     2439410.20490  S    196.527342     -7.033125   9.9814900E-01
     2439412.20455  S    198.374675     -7.784536   9.9758400E-01
     2439420.20344  S    205.856071    -10.709772   9.9530200E-01
     2439425.20297  S    210.616883    -12.455058   9.9391000E-01
     2439426.20290  S    211.577250    -12.794972   9.9363900E-01
     2439426.66868  M     19.718096     +5.848517   0.0000000E+00
     2439427.20284  S    212.541812    -13.131467   9.9337100E-01
     2439427.69741  M     31.075621    +11.324469   0.0000000E+00
     2439428.72781  M     43.036800    +16.423922   0.0000000E+00
     2439429.76046  M     55.808500    +20.880578   0.0000000E+00
     2439430.20272  S    215.453300    -14.119681   9.9258700E-01
     2439431.20269  S    216.430029    -14.441869   9.9233200E-01
     2439446.20350  S    231.507417    -18.748792   9.8880800E-01
     2439448.43847  M    318.301508    -21.620389   0.0000000E+00
     2439449.47031  M    330.781033    -17.489589   0.0000000E+00
     2439450.49998  M    342.475179    -12.701056   0.0000000E+00
     2439451.52815  M    353.630950     -7.464572   0.0000000E+00
     2439452.20444  S    237.758833    -20.143561   9.8754300E-01
     2439452.55558  M      4.518767     -1.954683   0.0000000E+00
     2439453.20463  S    238.812358    -20.355008   9.8734500E-01
     2439453.58304  M     15.417383     +3.665747   0.0000000E+00
     2439454.61130  M     26.605629     +9.225531   0.0000000E+00
     2439456.67319  M     50.917900    +19.294503   0.0000000E+00
     2439459.20593  S    245.198546    -21.488372   9.8626400E-01
     2439469.20873  S    256.064075    -22.826511   9.8486800E-01
     2439472.20969  S    259.366583    -23.085183   9.8452500E-01
     2439476.21101  S    263.789062    -23.322444   9.8411600E-01
     2439479.21204  S    267.115467    -23.419086   9.8385200E-01
     2439479.46927  M    359.975479     -4.139397   0.0000000E+00
     2439481.52415  M     21.756912     +6.987647   0.0000000E+00
     2439482.55300  M     33.156092    +12.368406   0.0000000E+00
     2439485.21411  S    273.776654    -23.399853   9.8346200E-01
     2439486.69374  M     87.907112    +26.919542   0.0000000E+00
     2439487.21479  S    275.995042    -23.331011   9.8338000E-01
     2439487.73525  M    103.877404    +27.148722   0.0000000E+00
     2439489.21547  S    278.211358    -23.230603   9.8332400E-01
     2439490.21581  S    279.317946    -23.168967   9.8330600E-01
     2439492.92643  M    177.818975     +5.112475   0.0000000E+00
     2439496.21775  S    285.934100    -22.636794   9.8331800E-01
     2439500.21896  S    290.312029    -22.131933   9.8342000E-01
     2439502.21953  S    292.487992    -21.836158   9.8349400E-01
     2439509.22128  S    300.021183    -20.580828   9.8388000E-01
     2439510.49469  M     39.708550    +15.413003   0.0000000E+00
     2439511.52647  M     52.164396    +19.981464   0.0000000E+00
     2439514.63988  M     96.063346    +27.328169   0.0000000E+00
     2439515.22246  S    306.359458    -19.251583   9.8440000E-01
     2439516.22262  S    307.404600    -19.008400   9.8450600E-01
     2439516.72424  M    128.486467    +23.870775   0.0000000E+00
     2439517.22277  S    308.445938    -18.760169   9.8461900E-01
     2439521.22330  S    312.578496    -17.710342   9.8513300E-01
     2439521.90787  M    199.700158     -6.371225   0.0000000E+00
     2439522.94225  M    213.097375    -12.731144   0.0000000E+00
     2439524.22360  S    315.643533    -16.866728   9.8557400E-01
     2439525.22368  S    316.658037    -16.576136   9.8573000E-01
     2439530.22395  S    321.682788    -15.050297   9.8656100E-01
     2439532.22399  S    323.669283    -14.409567   9.8691300E-01
     2439538.22390  S    329.551179    -12.395244   9.8804000E-01
     2439538.43782  M     46.774992    +18.428153   0.0000000E+00
     2439543.62736  M    120.127629    +25.597347   0.0000000E+00
     2439545.70848  M    151.379583    +16.856164   0.0000000E+00
     2439546.74640  M    166.055017    +10.510358   0.0000000E+00
     2439548.81834  M    193.996483     -3.707028   0.0000000E+00
     2439550.89019  M    221.903158    -16.700475   0.0000000E+00
     2439551.22272  S    341.938342     -7.658097   9.9094300E-01
     2439552.22258  S    342.874771     -7.277181   9.9119500E-01
     2439552.96650  M    251.422267    -25.273225   0.0000000E+00
     2439553.22244  S    343.808742     -6.895214   9.9144900E-01
     2439558.22165  S    348.452112     -4.961906   9.9275100E-01
     2439559.22148  S    349.376346     -4.571594   9.9301500E-01
     2439560.22130  S    350.298108     -4.179975   9.9328000E-01
     2439569.49257  M     97.094688    +27.730200   0.0000000E+00
     2439574.68800  M    172.573008     +7.352064   0.0000000E+00
     2439576.76055  M    200.731188     +7.242008   0.0000000E+00
     2439579.87597  M    245.355317    -24.209608   0.0000000E+00
     2439580.21726  S      8.550517     +3.689511   9.9881000E-01
     2439581.21705  S      9.460496     +4.077475   9.9910300E-01
     2439585.21622  S     13.104988     +5.616064   1.0002780E+00
     2439593.21468  S     20.432913     +8.609692   1.0025750E+00
     2439595.21433  S     22.276046     +9.335831   1.0031310E+00
     2439601.21335  S     27.839225    +11.449506   1.0047620E+00
     2439616.21175  S     42.043588    +16.195411   1.0087070E+00
     2439620.21156  S     45.918058    +17.303725   1.0096670E+00
     2439623.21149  S     48.849038    +18.084597   1.0103460E+00
     2439629.54029  M    173.459904     +6.923703   0.0000000E+00
     2439630.21154  S     55.768950    +19.726178   1.0117910E+00
     2439634.72549  M    245.243700    -24.213542   0.0000000E+00
     2439636.21183  S     61.787608    +20.914772   1.0129220E+00
     2439636.81139  M    278.224750    -27.793056   0.0000000E+00
     2439637.85280  M    294.157717    -26.701042   0.0000000E+00
     2439649.21314  S     75.072979    +22.736125   1.0149770E+00
     2439651.21340  S     77.140092    +22.918953   1.0152190E+00
     2439654.21382  S     80.248312    +23.142872   1.0155410E+00
     2439655.21397  S     81.285888    +23.203747   1.0156370E+00
     2439658.52122  M    195.159892     -4.549703   0.0000000E+00
     2439662.21501  S     88.560788    +23.438664   1.0161870E+00
     2439662.67275  M    253.803837    -25.900456   0.0000000E+00
     2439664.21531  S     90.640179    +23.444136   1.0163110E+00
     2439668.90050  M    341.931396    -12.240917   0.0000000E+00
     2439677.21712  S    104.109342    +22.811778   1.0167340E+00
     2439678.21724  S    105.139021    +22.716097   1.0167300E+00
     2439679.21736  S    106.166787    +22.613431   1.0167210E+00
     2439684.21787  S    111.280267    +22.004444   1.0165800E+00
     2439688.54213  M    232.277696    -20.848383   0.0000000E+00
     2439693.21844  S    120.355629    +20.517014   1.0160180E+00
     2439693.74464  M    310.308833    -23.470111   0.0000000E+00
     2439694.77997  M    324.047850    -19.335106   0.0000000E+00
     2439703.21845  S    130.216779    +18.323339   1.0150510E+00
     2439717.21732  S    143.608296    +14.429414   1.0128930E+00
     2439718.57621  M    274.152804    -27.900847   0.0000000E+00
     2439722.72481  M    331.733933    -16.374736   0.0000000E+00
     2439724.78432  M    355.186592     -5.354250   0.0000000E+00
     2439731.21497  S    156.556821     +9.789594   1.0100420E+00
     2439732.21476  S    157.468771     +9.435797   1.0098190E+00
     2439734.21434  S    159.287962     +8.720400   1.0093640E+00
     2439739.21323  S    163.815267     +6.893042   1.0081580E+00
     2439740.21300  S    164.717400     +6.521214   1.0079050E+00
     2439749.63915  M    327.424733    -18.129239   0.0000000E+00
     2439751.69931  M    351.114746     -7.417397   0.0000000E+00
     2439752.21009  S    175.492904     +1.951978   1.0046810E+00
     2439752.72721  M      2.169354     -1.622872   0.0000000E+00
     2439754.20959  S    177.285433     +1.176711   1.0041310E+00
     2439756.20910  S    179.079021     +0.399372   1.0035810E+00
     2439758.90674  M     72.893733    +26.357128   0.0000000E+00
     2439801.20272  S    221.130508    -15.921569   9.9115100E-01
     2439802.43223  M    304.972217    -24.971825   0.0000000E+00
     2439803.20279  S    223.128442    -16.513936   9.9065100E-01
     2439803.46850  M    319.048238    -21.153608   0.0000000E+00
     2439804.50138  M    331.902850    -16.413442   0.0000000E+00
     2439805.20291  S    225.140192    -17.087692   9.9016300E-01
     2439805.53156  M    343.784192    -11.085978   0.0000000E+00
     2439807.58724  M      5.854558     +0.344744   0.0000000E+00
     2439808.20314  S    228.183742    -17.911975   9.8945500E-01
     2439809.20324  S    229.205117    -18.176194   9.8922800E-01
     2439810.20335  S    230.230004    -18.435103   9.8900400E-01
     2439811.20347  S    231.258862    -18.688442   9.8878500E-01
     2439813.76961  M     77.602275    +27.041608   0.0000000E+00
     2439815.20404  S    235.407525    -19.646664   9.8795400E-01
     2439820.20497  S    240.671896    -20.711031   9.8701800E-01
     2439821.20519  S    241.734408    -20.904811   9.8684300E-01
     2439832.44537  M    339.283187    -13.026019   0.0000000E+00
     2439833.20836  S    254.708175    -22.701217   9.8497600E-01
     2439837.58590  M     34.939221    +14.972775   0.0000000E+00
     2439838.61598  M     46.782871    +19.627183   0.0000000E+00
     2439840.21060  S    262.416263    -23.261783   9.8416000E-01
     2439840.68272  M     72.847050    +26.325181   0.0000000E+00
     2439842.21127  S    264.630433    -23.353372   9.8397800E-01
     2439844.21195  S    266.847362    -23.414161   9.8382100E-01
     2439845.21230  S    267.957162    -23.431822   9.8375200E-01
     2439845.86690  M    137.404167    +19.077544   0.0000000E+00
     2439851.21437  S    274.619483    -23.377811   9.8345300E-01
     2439852.21472  S    275.729246    -23.340875   9.8342000E-01
     2439854.21540  S    277.947392    -23.244414   9.8336700E-01
     2439872.78043  M    139.662925    +20.516094   0.0000000E+00
     2439873.22100  S    298.697050    -20.827450   9.8374400E-01
     2439873.81524  M    153.213437    +15.341694   0.0000000E+00
     2439874.22123  S    299.764933    -20.629336   9.8382100E-01
     2439874.84855  M    166.221275     +9.311572   0.0000000E+00
     2439875.22145  S    300.829729    -20.425219   9.8390500E-01
     2439876.22166  S    301.891679    -20.214628   9.8399300E-01
     2439877.94660  M    204.575950    -10.628250   0.0000000E+00
     2439892.22382  S    318.442538    -16.050297   9.8598600E-01
     2439892.44163  M     37.070996    +16.406683   0.0000000E+00
     2439893.22388  S    319.447717    -15.746083   9.8614000E-01
     2439897.61422  M    104.302946    +27.845986   0.0000000E+00
     2439898.65255  M    119.125950    +25.898314   0.0000000E+00
     2439899.69009  M    133.662317    +22.398600   0.0000000E+00
     2439900.72622  M    147.689017    +17.544506   0.0000000E+00
     2439901.76086  M    161.178996    +11.633758   0.0000000E+00
     2439904.86119  M    200.355258     -8.799278   0.0000000E+00
     2439905.89618  M    213.970821    -15.216697   0.0000000E+00
     2439920.22220  S    345.454558     -6.216044   9.9190400E-01
     2439921.22204  S    346.383458     -5.829578   9.9215300E-01
     2439923.22171  S    348.236112     -5.052533   9.9265800E-01
     2439924.22154  S    349.159600     -4.662567   9.9291300E-01
     2439925.55983  M    112.266850    +27.147892   0.0000000E+00
     2439927.22100  S    351.921812     -3.487444   9.9369500E-01
     2439931.22023  S    355.586400     -1.911247   9.9477800E-01
     2439936.21921  S      0.147696     +0.064086   9.9619500E-01
     2439959.21455  S     21.134712     +8.887500   1.0027520E+00
     2439959.71443  M    201.586187     -9.541297   0.0000000E+00
     2439960.75191  M    216.104071    -16.286017   0.0000000E+00
     2439962.83493  M    248.046063    -26.107728   0.0000000E+00
     2439963.21386  S     24.828129    +10.320858   1.0038870E+00
     2439964.21370  S     25.755658    +10.672253   1.0041710E+00
     2439965.21354  S     26.684892    +11.020733   1.0044540E+00
     2439965.96517  M    298.016817    -26.296758   0.0000000E+00
     2439966.21339  S     27.615575    +11.366697   1.0047360E+00
     2439970.21284  S     31.357192    +12.717717   1.0058480E+00
     2439973.21248  S     34.184308    +13.694603   1.0066540E+00
     2439984.55362  M    168.178025     +8.132092   0.0000000E+00
     2439985.58653  M    181.043067     +1.312931   0.0000000E+00
     2439989.73774  M    239.573983    -24.199517   0.0000000E+00
     2439993.91477  M    307.420338    -24.149819   0.0000000E+00
     2439994.21151  S     54.532854    +19.453778   1.0115800E+00
     2440006.21222  S     66.619412    +21.706531   1.0138250E+00
     2440012.21287  S     72.766304    +22.500397   1.0146830E+00
     2440013.21299  S     73.795496    +22.609697   1.0148110E+00
     2440022.21421  S     83.109146    +23.294242   1.0158110E+00
     2440022.89708  M    329.617546    -16.511306   0.0000000E+00
     2440023.21436  S     84.147608    +23.336589   1.0159070E+00
     2440023.92968  M    342.370567    -10.736044   0.0000000E+00
     2440026.21481  S     87.266654    +23.421883   1.0161670E+00
     2440027.21496  S     88.306833    +23.436886   1.0162450E+00
     2440028.21511  S     89.347242    +23.444578   1.0163170E+00
     2440029.21526  S     90.387425    +23.445461   1.0163840E+00
     2440043.54695  M    223.924563    -19.600986   0.0000000E+00
     2440044.58764  M    239.599417    -24.336769   0.0000000E+00
     2440045.21744  S    106.944446    +22.531475   1.0166820E+00
     2440046.21755  S    107.968196    +22.417664   1.0166600E+00
     2440049.21784  S    111.030362    +22.038100   1.0165730E+00
     2440050.21793  S    112.047092    +21.898678   1.0165380E+00
     2440050.83991  M    336.579208    -13.240756   0.0000000E+00
     2440052.90161  M      0.820821     -0.857422   0.0000000E+00
     2440055.21828  S    117.102412    +21.110192   1.0163040E+00
     2440057.21838  S    119.110571    +20.751997   1.0161770E+00
     2440061.21850  S    123.097746    +19.967022   1.0158630E+00
     2440068.21846  S    129.982308    +18.382464   1.0150930E+00
     2440070.21838  S    131.925746    +17.883333   1.0148260E+00
     2440075.21807  S    136.739917    +16.552244   1.0140880E+00
     2440075.67147  M    300.415333    -25.488947   0.0000000E+00
     2440076.21798  S    137.694983    +16.272672   1.0139320E+00
     2440076.71173  M    315.934046    -21.330508   0.0000000E+00
     2440080.21758  S    141.491679    +15.111142   1.0132790E+00
     2440080.84258  M      7.112875     +2.771689   0.0000000E+00
     2440081.87162  M     18.581204     +8.810669   0.0000000E+00
     2440082.21734  S    143.375417    +14.506019   1.0129370E+00
     2440084.21707  S    145.251025    +13.885336   1.0125810E+00
     2440086.21678  S    147.117787    +13.249906   1.0122110E+00
     2440089.21631  S    149.902813    +12.269797   1.0116260E+00
     2440090.21614  S    150.827413    +11.936672   1.0114230E+00
     2440091.21596  S    151.750192    +11.600206   1.0112150E+00
     2440092.21578  S    152.670963    +11.260844   1.0110020E+00
     2440098.21460  S    158.159333     +9.165033   1.0096350E+00
     2440099.21439  S    159.068604     +8.807256   1.0093930E+00
     2440103.21351  S    162.692300     +7.351875   1.0084030E+00
     2440106.72430  M    350.040046     -6.362975   0.0000000E+00
     2440108.78381  M     13.495596     +6.295239   0.0000000E+00
     2440111.21161  S    169.891925     +4.352936   1.0063620E+00
     2440111.87456  M     49.209425    +21.887961   0.0000000E+00
     2440112.90745  M     62.070979    +25.362678   0.0000000E+00
     2440113.21112  S    171.686054     +3.588725   1.0058410E+00
     2440113.94198  M     75.518621    +27.661225   0.0000000E+00
     2440115.21063  S    173.479504     +2.819578   1.0053140E+00
     2440118.20989  S    176.169646     +1.659656   1.0045090E+00
     2440119.20964  S    177.066587     +1.271503   1.0042370E+00
     2440120.20940  S    177.963792     +0.883125   1.0039610E+00
     2440121.20915  S    178.861337     +0.493933   1.0036840E+00
     2440123.20867  S    180.657583     -0.285150   1.0031210E+00
     2440124.20843  S    181.556646     -0.675003   1.0028360E+00
     2440125.20819  S    182.456342     -1.064697   1.0025480E+00
     2440126.20795  S    183.356521     -1.454856   1.0022590E+00
     2440127.20772  S    184.257779     -1.844278   1.0019680E+00
     2440129.49312  M    289.261483    -27.549483   0.0000000E+00
     2440130.20703  S    186.966279     -3.011081   1.0010900E+00
     2440130.53384  M    304.945458    -24.607625   0.0000000E+00
     2440131.20681  S    187.871358     -3.399047   1.0007970E+00
     2440131.57139  M    319.485217    -20.222047   0.0000000E+00
     2440132.20659  S    188.777337     -3.786436   1.0005050E+00
     2440132.60582  M    332.897800    -14.820819   0.0000000E+00
     2440134.20616  S    190.593513     -4.558372   9.9992200E-01
     2440134.66787  M    357.268158     -2.496181   0.0000000E+00
     2440138.20535  S    194.244092     -6.091025   9.9877200E-01
     2440144.20430  S    199.777904     -8.348428   9.9708600E-01
     2440150.20348  S    205.395950    -10.536483   9.9542800E-01
     2440151.20337  S    206.341700    -10.892708   9.9515200E-01
     2440160.55333  M    341.547958    -10.689672   0.0000000E+00
     2440161.58351  M    353.427538     -4.536433   0.0000000E+00
     2440162.61253  M      4.888450     +1.687697   0.0000000E+00
     2440181.20417  S    236.202471    -19.818900   9.8784300E-01
     2440183.20453  S    238.304183    -20.253936   9.8744800E-01
     2440184.20473  S    239.360017    -20.462383   9.8725300E-01
     2440186.20514  S    241.481142    -20.860011   9.8687300E-01
     2440186.43475  M    324.369671    -18.147600   0.0000000E+00
     2440187.20536  S    242.546167    -21.048858   9.8668900E-01
     2440190.20607  S    245.758492    -21.576167   9.8615900E-01
     2440196.74967  M     87.909771    +28.392661   0.0000000E+00
     2440199.85471  M    128.783567    +23.235553   0.0000000E+00
     2440200.20889  S    256.634575    -22.877119   9.8473200E-01
     2440201.20921  S    257.733971    -22.966575   9.8462000E-01
     2440202.20953  S    258.834996    -23.048047   9.8451400E-01
     2440202.94850  M    165.594292     +8.279194   0.0000000E+00
     2440203.20985  S    259.937458    -23.123075   9.8441200E-01
     2440210.21222  S    267.690708    -23.428867   9.8382000E-01
     2440215.21395  S    273.244846    -23.411992   9.8350700E-01
     2440219.53139  M     31.782275    +15.535725   0.0000000E+00
     2440220.56194  M     43.795671    +20.239072   0.0000000E+00
     2440223.21665  S    282.106217    -22.978981   9.8325300E-01
     2440224.69910  M     97.252592    +28.266597   0.0000000E+00
     2440225.73478  M    111.116996    +26.898333   0.0000000E+00
     2440226.76937  M    122.075000    +24.193939   0.0000000E+00
     2440227.80240  M    137.287500    +20.322928   0.0000000E+00
     2440247.22271  S    307.949450    -18.879911   9.8459200E-01
     2440248.22287  S    308.989533    -18.628186   9.8470200E-01
     2440248.50759  M     51.774792    +23.029108   0.0000000E+00
     2440249.22301  S    310.026358    -18.370675   9.8481600E-01
     2440257.80988  M    169.767854     +5.621317   0.0000000E+00
     2440262.97505  M    234.320587    -23.857481   0.0000000E+00
     2440263.22400  S    324.182071    -14.240897   9.8698600E-01
     2440264.22400  S    325.168600    -13.912547   9.8717800E-01
     2440265.22399  S    326.151975    -13.580275   9.8737200E-01
     2440267.22395  S    328.109721    -12.904989   9.8777000E-01
     2440268.22392  S    329.083771    -12.561719   9.8797200E-01
     2440270.22383  S    331.022921    -11.865250   9.8838300E-01
     2440277.22328  S    337.721471     -9.336844   9.8989300E-01
     2440278.22317  S    338.667550     -8.965475   9.9012100E-01
     2440278.52280  M     86.835433    +28.640197   0.0000000E+00
     2440280.59422  M    114.588933    +26.462450   0.0000000E+00
     2440283.69330  M    153.311483    +13.834922   0.0000000E+00
     2440284.72404  M    165.394608     +7.883931   0.0000000E+00
     2440285.22222  S    345.227171     -6.310219   9.9180800E-01
     2440285.75446  M    177.358538     +1.470000   0.0000000E+00
     2440286.22207  S    346.155937     -5.924758   9.9206400E-01
     2440290.92892  M    245.267538    -26.447933   0.0000000E+00
     2440297.22007  S    356.278792     -1.612444   9.9505400E-01
     2440298.21987  S    357.192204     -1.216989   9.9533300E-01
     2440304.21864  S      2.660275     +1.153339   9.9700200E-01
     2440308.53930  M    122.360512    +24.852511   0.0000000E+00
     2440309.21758  S      7.207675     +3.114750   9.9840000E-01
     2440309.57261  M    135.371496    +21.073369   0.0000000E+00
     2440311.63565  M    160.099196    +10.592381   0.0000000E+00
     2440312.66629  M    172.144508     +4.312803   0.0000000E+00
     2440313.21674  S     10.846854     +4.665750   9.9953500E-01
     2440313.69727  M    184.312917     -2.328042   0.0000000E+00
     2440319.92800  M    273.519567    -28.653856   0.0000000E+00
     2440320.21533  S     17.236321     +7.322428   1.0015690E+00
     2440321.21514  S     18.153000     +7.694789   1.0018610E+00
     2440342.67217  M    203.837817    -12.453747   0.0000000E+00
     2440343.70850  M    217.938887    -18.553269   0.0000000E+00
     2440344.21192  S     39.661600    +15.471703   1.0080620E+00
     2440344.74837  M    233.316463    -23.627978   0.0000000E+00
     2440345.21185  S     40.620317    +15.766803   1.0083120E+00
     2440345.79166  M    249.929237    -27.114944   0.0000000E+00
     2440346.21178  S     41.580875    +16.057069   1.0085610E+00
     2440346.83708  M    267.312975    -28.554917   0.0000000E+00
     2440347.21172  S     42.544167    +16.343100   1.0088100E+00
     2440348.21166  S     43.510046    +16.624286   1.0090560E+00
     2440348.92537  M    301.152562    -24.959856   0.0000000E+00
     2440349.21161  S     44.478317    +16.901372   1.0093010E+00
     2440352.21151  S     47.397242    +17.704086   1.0100180E+00
     2440354.21147  S     49.355800    +18.214547   1.0104790E+00
     2440357.21147  S     52.311742    +18.942092   1.0111400E+00
     2440359.21150  S     54.294217    +19.400375   1.0115580E+00
     2440364.21169  S     59.290863    +20.448875   1.0125240E+00
     2440367.51828  M    172.925008     +3.614639   0.0000000E+00
     2440368.21195  S     63.325771    +21.182828   1.0132230E+00
     2440368.54842  M    184.789463     -2.811464   0.0000000E+00
     2440369.21203  S     64.339517    +21.351158   1.0133900E+00
     2440369.58016  M    197.236208     -9.342261   0.0000000E+00
     2440372.21229  S     67.392162    +21.818992   1.0138700E+00
     2440372.69478  M    241.569733    -25.589550   0.0000000E+00
     2440373.21239  S     68.413304    +21.962367   1.0140260E+00
     2440374.21249  S     69.435983    +22.099311   1.0141790E+00
     2440376.21271  S     71.486833    +22.354197   1.0144760E+00
     2440377.21283  S     72.514767    +22.472067   1.0146200E+00
     2440378.21295  S     73.543646    +22.583525   1.0147610E+00
     2440379.21307  S     74.574488    +22.687911   1.0148980E+00
     2440380.21320  S     75.606104    +22.785972   1.0150320E+00
     2440381.21333  S     76.639283    +22.877081   1.0151600E+00
     2440385.21389  S     80.783012    +23.174967   1.0156230E+00
     2440386.21403  S     81.821179    +23.232486   1.0157250E+00
     2440393.21509  S     89.100304    +23.443164   1.0162780E+00
     2440394.21524  S     90.140571    +23.445408   1.0163360E+00
     2440396.21554  S     92.220179    +23.429772   1.0164340E+00
     2440397.21569  S     93.259625    +23.411564   1.0164780E+00
     2440398.55831  M    217.932842    -18.784664   0.0000000E+00
     2440399.59761  M    233.106933    -23.686606   0.0000000E+00
     2440401.21626  S     97.410908    +23.270464   1.0166080E+00
     2440402.21640  S     98.446775    +23.218103   1.0166330E+00
     2440402.73527  M    285.756171    -27.408056   0.0000000E+00
     2440403.21654  S     99.481867    +23.158894   1.0166540E+00
     2440403.78051  M    303.072517    -24.150072   0.0000000E+00
     2440404.21667  S    100.516029    +23.093064   1.0166720E+00
     2440404.82194  M    319.012296    -19.165194   0.0000000E+00
     2440405.21681  S    101.549000    +23.020689   1.0166860E+00
     2440406.89341  M    346.783017     -6.482769   0.0000000E+00
     2440407.21706  S    103.611325    +22.855431   1.0167040E+00
     2440409.21730  S    105.668717    +22.663822   1.0167040E+00
     2440417.21807  S    113.834458    +21.637958   1.0164980E+00
     2440429.63585  M    276.480146    -28.295939   0.0000000E+00
     2440433.80219  M    340.467721     -9.547628   0.0000000E+00
     2440434.83596  M    353.644654     -2.620619   0.0000000E+00
     2440440.21809  S    136.508833    +16.619325   1.0141450E+00
     2440442.21792  S    138.419271    +16.057181   1.0138460E+00
     2440450.21698  S    145.965400    +13.643514   1.0124480E+00
     2440454.21636  S    149.685188    +12.347367   1.0116360E+00
     2440455.21619  S    150.609525    +12.015078   1.0114240E+00
     2440456.54068  M    268.738879    -28.638236   0.0000000E+00
     2440457.21584  S    152.452854    +11.341014   1.0109900E+00
     2440457.58578  M    286.002054    -27.490281   0.0000000E+00
     2440458.21565  S    153.372058    +10.999539   1.0107700E+00
     2440458.62963  M    302.816367    -24.234686   0.0000000E+00
     2440459.21546  S    154.288983    +10.655517   1.0105480E+00
     2440459.67073  M    318.638225    -19.226428   0.0000000E+00
     2440460.21527  S    155.204304    +10.308339   1.0103230E+00
     2440460.70867  M    333.319000    -12.996919   0.0000000E+00
     2440461.21507  S    156.117808     +9.958572   1.0100970E+00
     2440464.84190  M     25.358071    +13.961769   0.0000000E+00
     2440465.21423  S    159.757833     +8.534014   1.0091810E+00
     2440465.87480  M     38.218200    +19.328972   0.0000000E+00
     2440466.21401  S    160.664354     +8.171856   1.0089470E+00
     2440472.21264  S    166.083433     +5.955250   1.0074930E+00
     2440476.21168  S    169.679583     +4.442400   1.0064640E+00
     2440479.21095  S    172.372312     +3.294756   1.0056590E+00
     2440486.57884  M    312.082313    -21.546833   0.0000000E+00
     2440487.61692  M    326.814375    -15.942417   0.0000000E+00
     2440488.20874  S    180.444796     +0.192708   1.0031260E+00
     2440488.65244  M    340.619833     -9.432747   0.0000000E+00
     2440491.75118  M     19.220913    +11.040272   0.0000000E+00
     2440492.20778  S    184.041687     -1.750586   1.0019910E+00
     2440493.81827  M     45.409858    +21.819219   0.0000000E+00
     2440494.20731  S    185.845179     -2.528861   1.0014270E+00
     2440499.20621  S    190.375583     -4.465925   1.0000230E+00
     2440505.20503  S    195.862950     -6.760242   9.9832300E-01
     2440506.20485  S    196.784337     -7.138072   9.9803700E-01
     2440507.20468  S    197.707371     -7.514311   9.9775000E-01
     2440513.49128  M    307.084271    -22.996442   0.0000000E+00
     2440514.20364  S    204.232496    -10.093028   9.9573400E-01
     2440514.52929  M    321.790046    -17.938364   0.0000000E+00
     2440515.20352  S    205.174467    -10.452250   9.9544900E-01
     2440515.56458  M    335.517529    -11.885778   0.0000000E+00
     2440516.59786  M    348.513925     -5.261908   0.0000000E+00
     2440519.69424  M     26.264067    +14.336217   0.0000000E+00
     2440520.72776  M     39.350271    +19.676808   0.0000000E+00
     2440521.76269  M     52.946067    +23.931106   0.0000000E+00
     2440522.20289  S    211.845496    -12.888822   9.9352800E-01
     2440524.87248  M    106.591667    +28.311392   0.0000000E+00
     2440525.90807  M    109.367771    +26.853667   0.0000000E+00
     2440541.20342  S    230.767021    -18.568297   9.8892000E-01
     2440541.44355  M    317.454767    -19.372336   0.0000000E+00
     2440542.47948  M    331.410512    -13.597328   0.0000000E+00
     2440543.20368  S    232.832121    -19.064142   9.8847900E-01
     2440544.20383  S    233.869767    -19.303847   9.8826400E-01
     2440544.54465  M    356.903471     -0.561269   0.0000000E+00
     2440546.60726  M     21.477575    +12.192806   0.0000000E+00
     2440547.63972  M     34.181996    +17.732953   0.0000000E+00
     2440548.20450  S    238.053825    -20.203078   9.8744700E-01
     2440549.20469  S    239.108121    -20.413158   9.8725600E-01
     2440550.20489  S    240.165396    -20.616514   9.8706800E-01
     2440550.74586  M     75.452287    +27.803408   0.0000000E+00
     2440554.20577  S    244.426887    -21.364953   9.8637200E-01
     2440554.88639  M    130.125904    +21.724142   0.0000000E+00
     2440555.20601  S    245.499850    -21.535319   9.8621100E-01
     2440555.91717  M    142.219921    +17.388569   0.0000000E+00
     2440557.97486  M    165.019617     +6.733456   0.0000000E+00
     2440561.20762  S    251.995554    -22.413575   9.8533400E-01
     2440572.49168  M      5.380454     +4.285792   0.0000000E+00
     2440573.21146  S    265.209488    -23.371906   9.8396900E-01
     2440573.52280  M     17.602967    +10.557642   0.0000000E+00
     2440576.21249  S    268.537400    -23.438286   9.8372700E-01
     2440578.69470  M     84.585950    +28.283139   0.0000000E+00
     2440580.76642  M    112.444712    +25.974639   0.0000000E+00
     2440614.88860  M    190.063187     -7.163233   0.0000000E+00
     2440617.98595  M    213.800000    -22.990719   0.0000000E+00
     2440622.22378  S    320.453696    -16.195872   9.8596100E-01
     2440625.22393  S    320.965758    -15.276414   9.8645100E-01
     2440635.62842  M    116.838733    +25.121586   0.0000000E+00
     2440636.22379  S    331.755996    -11.597378   9.8849400E-01
     2440639.74918  M    164.375037     +6.531075   0.0000000E+00
     2440641.22339  S    336.540287     -9.795464   9.8959100E-01
     2440641.80500  M    186.495433     -5.366383   0.0000000E+00
     2440642.83414  M    198.000671    -11.243961   0.0000000E+00
     2440644.89891  M    223.355046    -21.614792   0.0000000E+00
     2440645.93591  M    237.697871    -25.455100   0.0000000E+00
     2440646.22282  S    341.262538     -7.931228   9.9079100E-01
     2440654.22161  S    348.711462     -4.852525   9.9283600E-01
     2440657.22108  S    351.476629     -3.677731   9.9361800E-01
     2440662.22012  S    356.059500     -1.706606   9.9494400E-01
     2440662.54161  M    112.116425    +26.102586   0.0000000E+00
     2440663.57491  M    125.120575    +23.007161   0.0000000E+00
     2440669.74983  M    194.178258     -9.320475   0.0000000E+00
     2440670.78059  M    206.267629    -15.041419   0.0000000E+00
     2440671.81375  M    219.225867    -20.176528   0.0000000E+00
     2440674.21763  S      6.984992     +3.019236   9.9832300E-01
     2440692.54966  M    144.589900    +15.925089   0.0000000E+00
     2440698.21317  S     29.031883    +11.885161   1.0050980E+00
     2440698.72686  M    214.470179    -18.360372   0.0000000E+00
     2440699.76262  M    228.367692    -22.980256   0.0000000E+00
     2440709.21194  S     39.430850    +15.400183   1.0080340E+00
     2440712.21174  S     42.313867    +16.275497   1.0087800E+00
     2440716.21156  S     46.191129    +17.378375   1.0097200E+00
     2440719.21149  S     49.123183    +18.155144   1.0103860E+00
     2440720.49176  M    151.285283    +12.709675   0.0000000E+00
     2440725.63744  M    213.479167    -16.138903   0.0000000E+00
     2440726.21155  S     56.046625    +19.784964   1.0118350E+00
     2440726.67229  M    222.372121    -21.157056   0.0000000E+00
     2440729.21168  S     59.047625    +20.400867   1.0124210E+00
     2440729.79582  M    269.923067    -28.091681   0.0000000E+00
     2440730.21173  S     60.052325    +20.594747   1.0126110E+00
     2440731.21179  S     61.059792    +20.782708   1.0128000E+00
     2440733.95623  M    331.767162    -12.351669   0.0000000E+00
     2440737.21227  S     67.146317    +21.783511   1.0138620E+00
     2440738.21237  S     68.167513    +21.928564   1.0140240E+00
     2440741.21269  S     71.242063    +22.325114   1.0144790E+00
     2440748.21359  S     78.465187    +23.021642   1.0153500E+00
     2440749.21373  S     79.501325    +23.094117   1.0154550E+00
     2440750.21387  S     80.538188    +23.160036   1.0155540E+00
     2440751.21401  S     81.575596    +23.219228   1.0156500E+00
     2440751.51716  M    198.183333     -8.081228   0.0000000E+00
     2440752.21416  S     82.613846    +23.271536   1.0157410E+00
     2440752.54746  M    202.936504    -13.789858   0.0000000E+00
     2440755.21460  S     85.730754    +23.387250   1.0159920E+00
     2440756.21475  S     86.769908    +23.411875   1.0160690E+00
     2440758.21505  S     88.849521    +23.440972   1.0162130E+00
     2440759.83110  M    312.227133    -20.088683   0.0000000E+00
     2440761.90461  M    340.732650     -7.709869   0.0000000E+00
     2440763.21579  S     94.047400    +23.393233   1.0165140E+00
     2440765.21609  S     96.124104    +23.325800   1.0166060E+00
     2440766.21623  S     97.161633    +23.281869   1.0166430E+00
     2440770.21678  S    101.303096    +23.038428   1.0167370E+00
     2440771.21691  S    102.335938    +22.960619   1.0167460E+00
     2440772.21704  S    103.367829    +22.876264   1.0167480E+00
     2440793.21853  S    124.603088    +19.644725   1.0156840E+00
     2440795.21853  S    126.574363    +19.202078   1.0154910E+00
     2440796.21852  S    127.556421    +18.973039   1.0153870E+00
     2440798.21848  S    129.513292    +18.498928   1.0151640E+00
     2440810.21765  S    141.041854    +15.252033   1.0133790E+00
     2440811.21753  S    141.986700    +14.953394   1.0132020E+00
     2440811.55148  M    262.540050    -28.221600   0.0000000E+00
     2440813.21729  S    143.868346    +14.343825   1.0128370E+00
     2440814.68127  M    312.350275    -19.963000   0.0000000E+00
     2440815.21701  S    145.740867    +13.719494   1.0124620E+00
     2440819.21639  S    149.459967    +12.427569   1.0116870E+00
     2440820.21623  S    150.384725    +12.096117   1.0114880E+00
     2440820.89877  M     36.777533    +19.738594   0.0000000E+00
     2440821.21605  S    151.308188    +11.761803   1.0112870E+00
     2440824.21550  S    154.066333    +10.739378   1.0106620E+00
     2440830.21428  S    159.540812     +8.619836   1.0093130E+00
     2440831.21407  S    160.447900     +8.257661   1.0090740E+00
     2440835.21317  S    164.066250     +6.789403   1.0080810E+00
     2440836.21294  S    164.967713     +6.417406   1.0078240E+00
     2440838.21246  S    166.768833     +5.668364   1.0073020E+00
     2440839.21223  S    167.668133     +5.291578   1.0070370E+00
     2440841.21174  S    169.464529     +4.533608   1.0065030E+00
     2440841.58557  M    304.417246    -22.501542   0.0000000E+00
     2440842.62548  M    319.808967    -17.155144   0.0000000E+00
     2440843.21125  S    171.258688     +3.770808   1.0059650E+00
     2440843.66340  M    334.481850    -10.611892   0.0000000E+00
     2440849.20977  S    176.636558     +1.457606   1.0043440E+00
     2440849.88308  M     59.698087    +25.884339   0.0000000E+00
     2440850.20952  S    177.533229     +1.069653   1.0040720E+00
     2440850.92206  M     74.754279    +27.827206   0.0000000E+00
     2440851.20927  S    178.429967     +0.681075   1.0038000E+00
     2440852.20903  S    179.327712     +0.291631   1.0035270E+00
     2440854.20854  S    181.123875     -0.487300   1.0029770E+00
     2440855.20830  S    182.022921     -0.877061   1.0026990E+00
     2440856.20807  S    182.922900     -1.266703   1.0024210E+00
     2440859.20737  S    185.627525     -2.435758   1.0015740E+00
     2440862.20670  S    188.341817     -3.600053   1.0007110E+00
     2440863.20648  S    189.249167     -3.987589   1.0004200E+00
     2440864.20627  S    190.157662     -4.373889   1.0001280E+00
     2440865.20606  S    191.067579     -4.758994   9.9983500E-01
     2440866.20585  S    191.979425     -5.143411   9.9954100E-01
     2440869.20526  S    194.723579     -6.289586   9.9865800E-01
     2440870.57100  M    327.741329    -13.676367   0.0000000E+00
     2440871.60686  M    341.669946     -6.944183   0.0000000E+00
     2440872.20472  S    197.483558     -7.423036   9.9778400E-01
     2440872.64192  M    355.314292     +0.241056   0.0000000E+00
     2440873.20455  S    198.407792     -7.797725   9.9749600E-01
     2440873.67704  M      8.977842     +7.411300   0.0000000E+00
     2440876.78932  M     52.464717    +24.223933   0.0000000E+00
     2440877.82926  M     67.868458    +26.994308   0.0000000E+00
     2440878.86917  M     83.261787    +28.022019   0.0000000E+00
     2440879.20366  S    204.001129    -10.003883   9.9581300E-01
     2440885.20304  S    209.690829    -12.123478   9.9419400E-01
     2440886.20296  S    210.649200    -12.466897   9.9392800E-01
     2440897.48335  M    322.713817    -15.618506   0.0000000E+00
     2440898.51845  M    336.367262     -9.390369   0.0000000E+00
     2440899.20281  S    223.406412    -16.594950   9.9056200E-01
     2440899.55247  M    349.634383     -2.603261   0.0000000E+00
     2440900.58630  M      2.832908     +4.357789   0.0000000E+00
     2440907.20350  S    231.544050    -18.757317   9.8872700E-01
     2440913.20444  S    237.795013    -20.150667   9.8753000E-01
     2440923.20672  S    248.476367    -21.970731   9.8579500E-01
     2440925.20727  S    250.646275    -22.252853   9.8548300E-01
     2440926.20756  S    251.734113    -22.382189   9.8533400E-01
     2440929.56777  M     24.728550    +15.058147   0.0000000E+00
     2440931.20907  S    257.207421    -22.923658   9.8465900E-01
     2440935.79827  M    113.850250    +24.502047   0.0000000E+00
     2440936.21069  S    262.722562    -23.276053   9.8412800E-01
     2440936.83257  M    127.214254    +20.932139   0.0000000E+00
     2440939.21171  S    266.046067    -23.394881   9.8388100E-01
     2440939.92143  M    162.247175     +6.003350   0.0000000E+00
     2440947.21447  S    274.929467    -23.367708   9.8344500E-01
     2440948.21482  S    276.039354    -23.328814   9.8341000E-01
     2440949.21516  S    277.148621    -23.281850   9.8337800E-01
     2440950.21550  S    278.257400    -23.227872   9.8335000E-01
     2440951.21584  S    279.364946    -23.165381   9.8332500E-01
     2440959.21840  S    288.174512    -22.392986   9.8328900E-01
     2440960.21869  S    289.267029    -22.262936   9.8330900E-01
     2440963.74396  M    121.843192    +22.447183   0.0000000E+00
     2440964.21982  S    293.615862    -21.670408   9.8345200E-01
     2440967.86275  M    168.665421     +2.476919   0.0000000E+00
     2440968.22083  S    297.923975    -20.966181   9.8369500E-01
     2440969.91725  M    190.310304     -8.754367   0.0000000E+00
     2440970.22129  S    300.061083    -20.573025   9.8385100E-01
     2440970.94599  M    201.671258    -14.065742   0.0000000E+00
     2440971.22151  S    301.125421    -20.367361   9.8393600E-01
     2440971.97682  M    213.788150    -18.912406   0.0000000E+00
     2440975.22230  S    305.352475    -19.479050   9.8432600E-01
     2441010.22300  S    340.102642     -8.395733   9.9048500E-01
     2441011.22287  S    341.043121     -8.018525   9.9072000E-01
     2441012.22274  S    341.981862     -7.639756   9.9095900E-01
     2441016.22216  S    345.714650     -6.107428   9.9193000E-01
     2441017.57182  M    112.928263    +24.663828   0.0000000E+00
     2441018.22184  S    347.569458     -5.332653   9.9243200E-01
     2441018.60555  M    126.087200    +21.190436   0.0000000E+00
     2441019.63689  M    138.386758    +16.823808   0.0000000E+00
     2441020.22149  S    349.417454     -4.553531   9.9294600E-01
     2441020.66626  M    149.973533    +11.819325   0.0000000E+00
     2441021.22132  S    350.338796     -4.162881   9.9320800E-01
     2441022.72145  M    171.868838     +0.773433   0.0000000E+00
     2441023.22095  S    352.177638     -3.377731   9.9374100E-01
     2441024.77635  M    193.657004    -10.375419   0.0000000E+00
     2441026.83627  M    217.260779    -20.080561   0.0000000E+00
     2441027.22018  S    355.841804     -1.801403   9.9484100E-01
     2441027.86956  M    228.837500    -23.820653   0.0000000E+00
     2441028.21998  S    356.755117     -1.406003   9.9512200E-01
     2441028.90543  M    244.066667    -26.454861   0.0000000E+00
     2441029.21978  S    357.668221     -1.010411   9.9540500E-01
     2441032.21916  S      0.403075     +0.175058   9.9626400E-01
     2441036.21833  S      4.044812     +1.752386   9.9741500E-01
     2441038.21791  S      5.863933     +2.537108   9.9798700E-01
     2441039.21770  S      6.773779     +2.928375   9.9827100E-01
     2441042.21707  S      9.504112     +4.096169   9.9911800E-01
     2441045.51990  M    121.783554    +22.318006   0.0000000E+00
     2441046.21625  S     13.148713     +5.634428   1.0002440E+00
     2441046.55214  M    134.407254    +18.216831   0.0000000E+00
     2441049.21564  S     15.888042     +6.770578   1.0010910E+00
     2441049.63778  M    168.276887     +2.615406   0.0000000E+00
     2441050.21545  S     16.803262     +7.146028   1.0013750E+00
     2441050.66491  M    179.055042     -3.017483   0.0000000E+00
     2441051.21525  S     17.718875     +7.519044   1.0016590E+00
     2441052.21506  S     18.635850     +7.889783   1.0019440E+00
     2441052.72122  M    201.355767    -13.837556   0.0000000E+00
     2441053.21488  S     19.553696     +8.258389   1.0022290E+00
     2441053.75170  M    213.344721    -18.608800   0.0000000E+00
     2441054.21469  S     20.472671     +8.625086   1.0025150E+00
     2441054.78442  M    226.139896    -22.626614   0.0000000E+00
     2441055.21451  S     21.393217     +8.989050   1.0028010E+00
     2441056.21433  S     22.314967     +9.350758   1.0030880E+00
     2441057.21416  S     23.238354     +9.710019   1.0033740E+00
     2441059.21383  S     25.089567    +10.419978   1.0039450E+00
     2441060.21367  S     26.017450    +10.770700   1.0042300E+00
     2441061.21351  S     26.947150    +11.119011   1.0045140E+00
     2441062.21336  S     27.878733    +11.463619   1.0047950E+00
     2441063.21322  S     28.812121    +11.805239   1.0050740E+00
     2441065.21295  S     30.684733    +12.479086   1.0056250E+00
     2441066.21282  S     31.623892    +12.810683   1.0058950E+00
     2441067.21269  S     32.564775    +13.139283   1.0061630E+00
     2441072.21216  S     37.301233    +14.724753   1.0074490E+00
     2441073.21207  S     38.254692    +15.029972   1.0076980E+00
     2441073.46536  M    129.693354    +19.624847   0.0000000E+00
     2441075.21191  S     40.168087    +15.628056   1.0081880E+00
     2441076.21184  S     41.128021    +15.920914   1.0084300E+00
     2441076.55327  M    164.383375     +4.431811   0.0000000E+00
     2441077.21178  S     42.090467    +16.209003   1.0086700E+00
     2441080.66619  M    209.086504    -17.025061   0.0000000E+00
     2441081.69842  M    221.708237    -21.319072   0.0000000E+00
     2441082.21155  S     46.936646    +17.580211   1.0098430E+00
     2441082.73319  M    235.245042    -24.667936   0.0000000E+00
     2441083.21152  S     47.913192    +17.840114   1.0100740E+00
     2441083.77036  M    244.158333    -26.771350   0.0000000E+00
     2441089.21151  S     53.822333    +19.293092   1.0114110E+00
     2441090.21153  S     54.815983    +19.516231   1.0116250E+00
     2441091.21156  S     55.811712    +19.734467   1.0118340E+00
     2441092.21159  S     56.809896    +19.946917   1.0120400E+00
     2441103.21237  S     67.932533    +21.894856   1.0139790E+00
     2441108.21292  S     73.059729    +22.531172   1.0146830E+00
     2441108.61073  M    228.608333    -19.832194   0.0000000E+00
     2441110.21317  S     75.120075    +22.739567   1.0149410E+00
     2441111.72036  M    259.201254    -27.278594   0.0000000E+00
     2441112.21343  S     77.185800    +22.921658   1.0151870E+00
     2441112.76046  M    274.659500    -26.770264   0.0000000E+00
     2441113.21357  S     78.220171    +23.002481   1.0153050E+00
     2441113.80030  M    290.028258    -24.564042   0.0000000E+00
     2441114.21370  S     79.256108    +23.076975   1.0154200E+00
     2441115.87530  M    319.072912    -15.780753   0.0000000E+00
     2441117.21413  S     82.366654    +23.258956   1.0157460E+00
     2441120.21458  S     85.484096    +23.379825   1.0160340E+00
     2441121.21473  S     86.524479    +23.406544   1.0161200E+00
     2441123.21503  S     88.605504    +23.438556   1.0162770E+00
     2441128.21579  S     93.806075    +23.398522   1.0165610E+00
     2441130.21608  S     95.883917    +23.334342   1.0166330E+00
     2441136.21690  S    102.094604    +22.978689   1.0167280E+00
     2441136.55492  M    224.120192    -22.211603   0.0000000E+00
     2441137.21703  S    103.125979    +22.895850   1.0167270E+00
     2441137.59037  M    237.900563    -25.277117   0.0000000E+00
     2441138.62851  M    252.657879    -27.038639   0.0000000E+00
     2441139.21727  S    105.184104    +22.710331   1.0167160E+00
     2441139.66860  M    268.114796    -27.211575   0.0000000E+00
     2441140.70931  M    289.729167    -25.640794   0.0000000E+00
     2441141.74923  M    299.190075    -22.371911   0.0000000E+00
     2441143.21770  S    109.281575    +22.261139   1.0166510E+00
     2441145.89218  M    354.735000     +1.477664   0.0000000E+00
     2441146.21797  S    112.336783    +21.857083   1.0165660E+00
     2441149.21819  S    115.374608    +21.396689   1.0164430E+00
     2441151.21832  S    117.390000    +21.059117   1.0163350E+00
     2441155.21849  S    121.394096    +20.313447   1.0160500E+00
     2441156.21851  S    122.389121    +20.112531   1.0159640E+00
     2441166.21839  S    132.200900    +17.809653   1.0148160E+00
     2441167.21834  S    133.167346    +17.551811   1.0146770E+00
     2441169.21821  S    135.093992    +17.021647   1.0143900E+00
     2441169.69514  M    307.263221    -19.976314   0.0000000E+00
     2441170.21814  S    136.052979    +16.749839   1.0142430E+00
     2441170.73302  M    321.923017    -14.475697   0.0000000E+00
     2441173.21788  S    138.916046    +15.906944   1.0137860E+00
     2441174.87470  M     17.009763    +12.448800   0.0000000E+00
     2441175.21767  S    140.813000    +15.323569   1.0134670E+00
     2441181.21690  S    146.449708    +13.478089   1.0124220E+00
     2441183.21660  S    148.311258    +12.833339   1.0120380E+00
     2441184.21644  S    149.239104    +12.505639   1.0118380E+00
     2441187.21593  S    152.010446    +11.503961   1.0112130E+00
     2441188.21574  S    152.930500    +11.163478   1.0109960E+00
     2441189.21556  S    153.849033    +10.820464   1.0107740E+00
     2441194.21455  S    158.414567     +9.064231   1.0096130E+00
     2441194.52130  M    269.149779    -27.167736   0.0000000E+00
     2441195.21434  S    159.323050     +8.705831   1.0093720E+00
     2441195.56095  M    284.449667    -25.529483   0.0000000E+00
     2441197.63884  M    314.537217    -17.408167   0.0000000E+00
     2441198.21368  S    162.040746     +7.615997   1.0086390E+00
     2441198.67605  M    328.955062    -11.378069   0.0000000E+00
     2441200.21322  S    163.846733     +6.879450   1.0081430E+00
     2441201.78445  M     11.044992     +9.636686   0.0000000E+00
     2441202.82185  M     25.531962    +15.983297   0.0000000E+00
     2441205.21203  S    168.346088     +5.006150   1.0068870E+00
     2441209.21106  S    171.936504     +3.480911   1.0058530E+00
     2441210.21081  S    172.833129     +3.096750   1.0055890E+00
     2441211.21056  S    173.729946     +2.711492   1.0053220E+00
     2441220.20836  S    181.807029     -0.783528   1.0028020E+00
     2441223.20765  S    184.507633     -1.952069   1.0019290E+00
     2441224.20742  S    185.409408     -2.341042   1.0016370E+00
     2441224.54523  M    307.360175    -19.787714   0.0000000E+00
     2441231.20589  S    191.754279     -5.048717   9.9961000E-01
     2441232.20568  S    192.666388     -5.432064   9.9932500E-01
     2441232.85084  M     65.564533    +26.180878   0.0000000E+00
     2441236.20492  S    196.333675     -6.953111   9.9819800E-01
     2441237.20474  S    197.255454     -7.330300   9.9791800E-01
     2441238.20457  S    198.179462     -7.705433   9.9763700E-01
     2441244.20368  S    203.772392     -9.915992   9.9595200E-01
     2441253.52643  M    329.153521    -10.969875   0.0000000E+00
     2441256.63199  M     10.216479     +9.239158   0.0000000E+00
     2441259.75382  M     57.153904    +24.811214   0.0000000E+00
     2441261.20268  S    220.166462    -15.626506   9.9135400E-01
     2441263.91913  M    120.771450    +21.403675   0.0000000E+00
     2441264.20277  S    223.156983    -16.521858   9.9063300E-01
     2441264.95308  M    134.012496    +17.106053   0.0000000E+00
     2441268.20304  S    227.195112    -17.649250   9.8971500E-01
     2441270.20323  S    229.235996    -18.183161   9.8927000E-01
     2441273.20359  S    232.323971    -18.944275   9.8862000E-01
     2441274.20373  S    233.360121    -19.186247   9.8840800E-01
     2441277.20421  S    236.490196    -19.879078   9.8778400E-01
     2441279.20458  S    238.593533    -20.310397   9.8738200E-01
     2441281.20498  S    240.709479    -20.717406   9.8699200E-01
     2441281.47296  M    337.451896     -6.778381   0.0000000E+00
     2441284.20564  S    243.906175    -21.278775   9.8643900E-01
     2441284.57621  M     17.678717    +12.763558   0.0000000E+00
     2441286.65573  M     48.358663    +23.029442   0.0000000E+00
     2441287.20638  S    247.128967    -21.780011   9.8593000E-01
     2441287.69921  M     65.038612    +25.886756   0.0000000E+00
     2441288.20664  S    248.208767    -21.932806   9.8577200E-01
     2441290.20718  S    250.376463    -22.218272   9.8547400E-01
     2441290.82648  M    113.939154    +22.927944   0.0000000E+00
     2441291.86299  M    128.102812    +18.916392   0.0000000E+00
     2441297.20929  S    258.034850    -22.988914   9.8459500E-01
     2441302.21094  S    263.558750    -23.312086   9.8409900E-01
     2441304.21162  S    265.776183    -23.387564   9.8392700E-01
     2441305.21196  S    266.886221    -23.412967   9.8384600E-01
     2441308.21300  S    270.217650    -23.444183   9.8362500E-01
     2441309.21335  S    271.328712    -23.438378   9.8356100E-01
     2441313.56275  M     41.407967    +21.378475   0.0000000E+00
     2441316.69016  M     90.356763    +26.445861   0.0000000E+00
